+-------+------------+----------+----------------+
| Epoch | Train Loss | Val Loss | Val Mean AUROC |
+-------+------------+----------+----------------+
|   1   |   0.228    |  0.239   |     0.739      |
|   2   |   0.202    |  0.239   |     0.796      |
|   3   |   0.179    |  0.241   |     0.836      |
|   4   |   0.154    |  0.247   |     0.863      |
|   5   |   0.127    |  0.256   |     0.881      |
|   6   |   0.102    |  0.269   |     0.888      |
|   7   |   0.079    |  0.282   |     0.892      |
|   8   |   0.063    |  0.297   |     0.892      |
|   9   |   0.052    |   0.31   |     0.891      |
|   10  |   0.045    |   0.32   |      0.89      |
+-------+------------+----------+----------------+